Date,Vaccinated (daily),Vaccinated (cumu),Vaccinated population percentage,Second dose (daily),Second dose (cumu),Second dose population precentage,Third dose (daily),Third dose (cumu),Third dose population precentage
2020-12-19,44,61,0,0,0,0,0,0,0
2020-12-20,7376,7437,0.08,0,0,0,0,0,0
2020-12-21,24885,32322,0.35,0,0,0,0,0,0
2020-12-22,44618,76940,0.83,0,0,0,0,0,0
2020-12-23,62839,139779,1.5,0,0,0,0,0,0
2020-12-24,73334,213113,2.29,0,0,0,0,0,0
2020-12-25,38455,251568,2.71,0,0,0,0,0,0
2020-12-26,32573,284141,3.06,0,0,0,0,0,0
2020-12-27,104377,388518,4.18,0,0,0,0,0,0
2020-12-28,134822,523340,5.63,0,0,0,0,0,0
2020-12-29,155974,679314,7.31,0,0,0,0,0,0
2020-12-30,152754,832068,8.95,0,0,0,0,0,0
2020-12-31,158205,990273,10.65,0,0,0,0,0,0
2021-01-01,71248,1061521,11.42,0,0,0,0,0,0
2021-01-02,71630,1133151,12.19,0,0,0,0,0,0
2021-01-03,149429,1282580,13.79,0,0,0,0,0,0
2021-01-04,151865,1434445,15.43,1,1,0,0,0,0
2021-01-05,124877,1559322,16.77,0,1,0,0,0,0
2021-01-06,103083,1662405,17.88,1,2,0,0,0,0
2021-01-07,115834,1778239,19.12,5,7,0,0,0,0
2021-01-08,66307,1844546,19.84,3,10,0,0,0,0
2021-01-09,44459,1889005,20.31,22,32,0,0,0,0
2021-01-10,37544,1926549,20.72,5988,6020,0.06,0,0,0
2021-01-11,21023,1947572,20.94,19239,25259,0.27,0,0,0
2021-01-12,23915,1971487,21.2,35640,60899,0.65,0,0,0
2021-01-13,51928,2023415,21.76,56823,117722,1.27,0,0,0
2021-01-14,56301,2079716,22.36,68763,186485,2.01,0,0,0
2021-01-15,30623,2110339,22.69,35886,222371,2.39,0,0,0
2021-01-16,29371,2139710,23.01,25978,248349,2.67,0,0,0
2021-01-17,68260,2207970,23.74,84471,332820,3.58,0,0,0
2021-01-18,69529,2277499,24.49,120235,453055,4.87,0,0,0
2021-01-19,72601,2350100,25.27,137557,590612,6.35,0,0,0
2021-01-20,76550,2426650,26.1,143434,734046,7.89,0,0,0
2021-01-21,69600,2496250,26.84,164008,898054,9.66,0,0,0
2021-01-22,37722,2533972,27.25,70938,968992,10.42,0,0,0
2021-01-23,39858,2573830,27.68,53482,1022474,11,0,0,0
2021-01-24,68942,2642772,28.42,140363,1162837,12.5,0,0,0
2021-01-25,80744,2723516,29.29,139201,1302038,14,0,0,0
2021-01-26,78491,2802007,30.13,126100,1428138,15.36,0,0,0
2021-01-27,77706,2879713,30.97,124742,1552880,16.7,0,0,0
2021-01-28,79414,2959127,31.82,130314,1683194,18.1,0,0,0
2021-01-29,36521,2995648,32.21,64630,1747824,18.8,0,0,0
2021-01-30,34296,3029944,32.58,42668,1790492,19.25,0,0,0
2021-01-31,73189,3103133,33.37,59350,1849842,19.89,0,0,0
2021-02-01,82285,3185418,34.25,35217,1885059,20.27,0,0,0
2021-02-02,69870,3255288,35.01,30958,1916017,20.6,0,0,0
2021-02-03,60080,3315368,35.65,51284,1967301,21.16,0,0,0
2021-02-04,72403,3387771,36.43,57929,2025230,21.78,0,0,0
2021-02-05,33780,3421551,36.79,28665,2053895,22.09,0,0,0
2021-02-06,21539,3443090,37.03,22142,2076037,22.32,0,0,0
2021-02-07,53953,3497043,37.61,68549,2144586,23.06,0,0,0
2021-02-08,58485,3555528,38.23,65207,2209793,23.76,0,0,0
2021-02-09,66130,3621658,38.95,67301,2277094,24.49,0,0,0
2021-02-10,70342,3692000,39.7,71975,2349069,25.26,0,0,0
2021-02-11,80905,3772905,40.57,71552,2420621,26.03,0,0,0
2021-02-12,38942,3811847,40.99,37419,2458040,26.43,0,0,0
2021-02-13,27389,3839236,41.29,30359,2488399,26.76,0,0,0
2021-02-14,74743,3913979,42.09,68885,2557284,27.5,0,0,0
2021-02-15,81326,3995305,42.96,75499,2632783,28.31,0,0,0
2021-02-16,83328,4078633,43.86,78052,2710835,29.15,0,0,0
2021-02-17,61802,4140435,44.52,75358,2786193,29.96,0,0,0
2021-02-18,68981,4209416,45.27,79511,2865704,30.82,0,0,0
2021-02-19,39566,4248982,45.69,37997,2903701,31.23,0,0,0
2021-02-20,31585,4280567,46.03,28648,2932349,31.53,0,0,0
2021-02-21,79321,4359888,46.88,78372,3010721,32.38,0,0,0
2021-02-22,84886,4444774,47.8,80375,3091096,33.24,0,0,0
2021-02-23,77197,4521971,48.63,70244,3161340,34,0,0,0
2021-02-24,60881,4582852,49.28,62885,3224225,34.67,0,0,0
2021-02-25,51542,4634394,49.84,64567,3288792,35.37,0,0,0
2021-02-26,25761,4660155,50.11,31890,3320682,35.71,0,0,0
2021-02-27,18258,4678413,50.31,21132,3341814,35.94,0,0,0
2021-02-28,40170,4718583,50.74,55734,3397548,36.54,0,0,0
2021-03-01,45515,4764098,51.23,61275,3458823,37.19,0,0,0
2021-03-02,41006,4805104,51.67,64546,3523369,37.89,0,0,0
2021-03-03,41789,4846893,52.12,66573,3589942,38.6,0,0,0
2021-03-04,39478,4886371,52.55,78860,3668802,39.45,0,0,0
2021-03-05,17165,4903536,52.73,40326,3709128,39.89,0,0,0
2021-03-06,10568,4914104,52.84,25281,3734409,40.16,0,0,0
2021-03-07,30977,4945081,53.18,72691,3807100,40.94,0,0,0
2021-03-08,27159,4972240,53.47,73093,3880193,41.73,0,0,0
2021-03-09,26503,4998743,53.75,76488,3956681,42.55,0,0,0
2021-03-10,23097,5021840,54,58515,4015196,43.18,0,0,0
2021-03-11,23063,5044903,54.25,68897,4084093,43.92,0,0,0
2021-03-12,11097,5056000,54.37,41305,4125398,44.36,0,0,0
2021-03-13,7850,5063850,54.45,25184,4150582,44.63,0,0,0
2021-03-14,20825,5084675,54.68,73843,4224425,45.43,0,0,0
2021-03-15,19923,5104598,54.89,78071,4302496,46.27,0,0,0
2021-03-16,18535,5123133,55.09,71366,4373862,47.03,0,0,0
2021-03-17,17499,5140632,55.28,58844,4432706,47.67,0,0,0
2021-03-18,15834,5156466,55.45,57974,4490680,48.29,0,0,0
2021-03-19,6749,5163215,55.52,27875,4518555,48.59,0,0,0
2021-03-20,5122,5168337,55.58,15230,4533785,48.75,0,0,0
2021-03-21,13036,5181373,55.72,40371,4574156,49.19,0,0,0
2021-03-22,13354,5194727,55.86,40380,4614536,49.62,0,0,0
2021-03-23,2603,5197330,55.89,7156,4621692,49.7,0,0,0
2021-03-24,10794,5208124,56.01,46358,4668050,50.2,0,0,0
2021-03-25,10038,5218162,56.11,35271,4703321,50.58,0,0,0
2021-03-26,4007,5222169,56.16,13220,4716541,50.72,0,0,0
2021-03-27,1710,5223879,56.17,4201,4720742,50.76,0,0,0
2021-03-28,2038,5225917,56.2,4552,4725294,50.81,0,0,0
2021-03-29,6770,5232687,56.27,29867,4755161,51.13,0,0,0
2021-03-30,7661,5240348,56.35,22239,4777400,51.37,0,0,0
2021-03-31,7955,5248303,56.44,19260,4796660,51.58,0,0,0
2021-04-01,7944,5256247,56.52,18472,4815132,51.78,0,0,0
2021-04-02,2769,5259016,56.55,7968,4823100,51.87,0,0,0
2021-04-03,1339,5260355,56.57,2880,4825980,51.9,0,0,0
2021-04-04,9536,5269891,56.67,22730,4848710,52.14,0,0,0
2021-04-05,10176,5280067,56.78,21100,4869810,52.37,0,0,0
2021-04-06,8773,5288840,56.87,16559,4886369,52.55,0,0,0
2021-04-07,8676,5297516,56.97,15093,4901462,52.71,0,0,0
2021-04-08,9159,5306675,57.07,16787,4918249,52.89,0,0,0
2021-04-09,3372,5310047,57.1,6055,4924304,52.95,0,0,0
2021-04-10,1492,5311539,57.12,3433,4927737,52.99,0,0,0
2021-04-11,8898,5320437,57.21,14099,4941836,53.14,0,0,0
2021-04-12,8705,5329142,57.31,13030,4954866,53.28,0,0,0
2021-04-13,5606,5334748,57.37,4782,4959648,53.33,0,0,0
2021-04-14,3427,5338175,57.4,5112,4964760,53.39,0,0,0
2021-04-15,450,5338625,57.41,416,4965176,53.39,0,0,0
2021-04-16,3192,5341817,57.44,6464,4971640,53.46,0,0,0
2021-04-17,743,5342560,57.45,1914,4973554,53.48,0,0,0
2021-04-18,6965,5349525,57.53,7351,4980905,53.56,0,0,0
2021-04-19,6207,5355732,57.59,6970,4987875,53.64,0,0,0
2021-04-20,6048,5361780,57.66,6692,4994567,53.71,0,0,0
2021-04-21,6152,5367932,57.72,6907,5001474,53.78,0,0,0
2021-04-22,5744,5373676,57.79,7469,5008943,53.86,0,0,0
2021-04-23,2589,5376265,57.81,3232,5012175,53.9,0,0,0
2021-04-24,681,5376946,57.82,1214,5013389,53.91,0,0,0
2021-04-25,4715,5381661,57.87,6827,5020216,53.98,0,0,0
2021-04-26,5330,5386991,57.93,7727,5027943,54.07,0,0,0
2021-04-27,4349,5391340,57.98,6421,5034364,54.14,0,0,0
2021-04-28,4312,5395652,58.02,7101,5041465,54.21,0,0,0
2021-04-29,4190,5399842,58.07,7090,5048555,54.29,0,0,0
2021-04-30,1731,5401573,58.09,3003,5051558,54.32,0,0,0
2021-05-01,382,5401955,58.09,820,5052378,54.33,0,0,0
2021-05-02,3155,5405110,58.12,5956,5058334,54.39,0,0,0
2021-05-03,3399,5408509,58.16,5631,5063965,54.46,0,0,0
2021-05-04,3383,5411892,58.2,4532,5068497,54.5,0,0,0
2021-05-05,3112,5415004,58.23,3867,5072364,54.55,0,0,0
2021-05-06,3439,5418443,58.27,2923,5075287,54.58,0,0,0
2021-05-07,1663,5420106,58.29,2283,5077570,54.6,0,0,0
2021-05-08,175,5420281,58.29,423,5077993,54.61,0,0,0
2021-05-09,2766,5423047,58.32,4628,5082621,54.66,0,0,0
2021-05-10,2764,5425811,58.35,4527,5087148,54.7,0,0,0
2021-05-11,2420,5428231,58.37,3642,5090790,54.74,0,0,0
2021-05-12,1819,5430050,58.39,3099,5093889,54.78,0,0,0
2021-05-13,1817,5431867,58.41,3486,5097375,54.81,0,0,0
2021-05-14,775,5432642,58.42,1335,5098710,54.83,0,0,0
2021-05-15,137,5432779,58.42,173,5098883,54.83,0,0,0
2021-05-16,428,5433207,58.43,1137,5100020,54.84,0,0,0
2021-05-17,188,5433395,58.43,758,5100778,54.85,0,0,0
2021-05-18,1816,5435211,58.45,4804,5105582,54.9,0,0,0
2021-05-19,2034,5437245,58.47,4878,5110460,54.96,0,0,0
2021-05-20,2100,5439345,58.49,3719,5114179,55,0,0,0
2021-05-21,1015,5440360,58.5,1225,5115404,55.01,0,0,0
2021-05-22,140,5440500,58.5,323,5115727,55.01,0,0,0
2021-05-23,2200,5442700,58.53,3127,5118854,55.05,0,0,0
2021-05-24,1978,5444678,58.55,3463,5122317,55.08,0,0,0
2021-05-25,1653,5446331,58.57,2440,5124757,55.11,0,0,0
2021-05-26,1237,5447568,58.58,2350,5127107,55.13,0,0,0
2021-05-27,1643,5449211,58.6,2955,5130062,55.17,0,0,0
2021-05-28,628,5449839,58.6,1246,5131308,55.18,0,0,0
2021-05-29,105,5449944,58.61,162,5131470,55.18,0,0,0
2021-05-30,1547,5451491,58.62,1851,5133321,55.2,0,0,0
2021-05-31,1575,5453066,58.64,1975,5135296,55.22,0,0,0
2021-06-01,1196,5454262,58.65,1690,5136986,55.24,0,0,0
2021-06-02,1317,5455579,58.67,1451,5138437,55.26,0,0,0
2021-06-03,1520,5457099,58.68,1294,5139731,55.27,0,0,0
2021-06-04,928,5458027,58.69,552,5140283,55.28,0,0,0
2021-06-05,105,5458132,58.69,66,5140349,55.28,0,0,0
2021-06-06,4187,5462319,58.74,877,5141226,55.29,0,0,0
2021-06-07,4240,5466559,58.78,671,5141897,55.29,0,0,0
2021-06-08,3578,5470137,58.82,1026,5142923,55.3,0,0,0
2021-06-09,3462,5473599,58.86,1152,5144075,55.32,0,0,0
2021-06-10,3192,5476791,58.89,1129,5145204,55.33,0,0,0
2021-06-11,1252,5478043,58.91,412,5145616,55.33,0,0,0
2021-06-12,138,5478181,58.91,89,5145705,55.33,0,0,0
2021-06-13,3046,5481227,58.94,1167,5146872,55.35,0,0,0
2021-06-14,2899,5484126,58.97,1385,5148257,55.36,0,0,0
2021-06-15,2979,5487105,59.01,1200,5149457,55.37,0,0,0
2021-06-16,2583,5489688,59.03,839,5150296,55.38,0,0,0
2021-06-17,2561,5492249,59.06,1021,5151317,55.39,0,0,0
2021-06-18,1121,5493370,59.07,345,5151662,55.4,0,0,0
2021-06-19,142,5493512,59.07,78,5151740,55.4,0,0,0
2021-06-20,3238,5496750,59.11,1220,5152960,55.41,0,0,0
2021-06-21,5059,5501809,59.16,1070,5154030,55.42,0,0,0
2021-06-22,6759,5508568,59.24,940,5154970,55.43,0,0,0
2021-06-23,10561,5519129,59.35,1122,5156092,55.45,0,0,0
2021-06-24,11857,5530986,59.48,1311,5157403,55.46,0,0,0
2021-06-25,6925,5537911,59.55,772,5158175,55.47,0,0,0
2021-06-26,2191,5540102,59.58,112,5158287,55.47,0,0,0
2021-06-27,13541,5553643,59.72,3325,5161612,55.51,0,0,0
2021-06-28,14355,5567998,59.88,3502,5165114,55.54,0,0,0
2021-06-29,16534,5584532,60.05,3547,5168661,55.58,0,0,0
2021-06-30,16292,5600824,60.23,3208,5171869,55.62,0,0,0
2021-07-01,16653,5617477,60.41,3211,5175080,55.65,12,12,0
2021-07-02,9678,5627155,60.51,1418,5176498,55.67,0,12,0
2021-07-03,2596,5629751,60.54,238,5176736,55.67,0,12,0
2021-07-04,17650,5647401,60.73,3083,5179819,55.7,0,12,0
2021-07-05,17706,5665107,60.92,2881,5182700,55.73,1,13,0
2021-07-06,17733,5682840,61.11,3235,5185935,55.77,3,16,0
2021-07-07,15359,5698199,61.28,2526,5188461,55.79,7,23,0
2021-07-08,16437,5714636,61.45,2688,5191149,55.82,10,33,0
2021-07-09,11023,5725659,61.57,1331,5192480,55.84,0,33,0
2021-07-10,4895,5730554,61.62,305,5192785,55.84,2,35,0
2021-07-11,1386,5731940,61.64,2766,5195551,55.87,0,35,0
2021-07-12,2323,5734263,61.66,3519,5199070,55.91,42,77,0
2021-07-13,2847,5737110,61.69,5282,5204352,55.96,113,190,0
2021-07-14,2610,5739720,61.72,7343,5211695,56.04,437,627,0.01
2021-07-15,2857,5742577,61.75,9097,5220792,56.14,365,992,0.01
2021-07-16,1155,5743732,61.77,5742,5226534,56.2,60,1052,0.01
2021-07-17,298,5744030,61.77,1300,5227834,56.22,4,1056,0.01
2021-07-18,2009,5746039,61.79,9679,5237513,56.32,233,1289,0.01
2021-07-19,3101,5749140,61.82,11149,5248662,56.44,438,1727,0.02
2021-07-20,2540,5751680,61.85,11736,5260398,56.57,353,2080,0.02
2021-07-21,2260,5753940,61.88,11669,5272067,56.69,313,2393,0.03
2021-07-22,2791,5756731,61.91,13064,5285131,56.83,376,2769,0.03
2021-07-23,1917,5758648,61.93,8042,5293173,56.92,87,2856,0.03
2021-07-24,573,5759221,61.93,1388,5294561,56.94,5,2861,0.03
2021-07-25,4344,5763565,61.98,15379,5309940,57.1,195,3056,0.03
2021-07-26,5039,5768604,62.03,13336,5323276,57.24,302,3358,0.04
2021-07-27,5377,5773981,62.09,13384,5336660,57.39,388,3746,0.04
2021-07-28,3845,5777826,62.13,12159,5348819,57.52,446,4192,0.05
2021-07-29,4558,5782384,62.18,13961,5362780,57.67,506,4698,0.05
2021-07-30,2513,5784897,62.21,10658,5373438,57.78,4079,8777,0.09
2021-07-31,1357,5786254,62.22,3448,5376886,57.82,6116,14893,0.16
2021-08-01,3023,5789277,62.26,3273,5380159,57.86,30881,45774,0.49
2021-08-02,3033,5792310,62.29,3022,5383181,57.89,58343,104117,1.12
2021-08-03,3302,5795612,62.32,3157,5386338,57.92,78777,182894,1.97
2021-08-04,3471,5799083,62.36,3074,5389412,57.96,80539,263433,2.83
2021-08-05,4421,5803504,62.41,3434,5392846,57.99,88149,351582,3.78
2021-08-06,2359,5805863,62.43,1695,5394541,58.01,44604,396186,4.26
2021-08-07,976,5806839,62.44,602,5395143,58.02,27262,423448,4.55
2021-08-08,4992,5811831,62.5,2999,5398142,58.05,79851,503299,5.41
2021-08-09,5293,5817124,62.55,2901,5401043,58.08,76235,579534,6.23
2021-08-10,5513,5822637,62.61,3044,5404087,58.11,75077,654611,7.04
2021-08-11,5606,5828243,62.67,2789,5406876,58.14,62356,716967,7.71
2021-08-12,7004,5835247,62.75,3164,5410040,58.18,59166,776133,8.35
2021-08-13,3748,5838995,62.79,1949,5411989,58.2,43723,819856,8.82
2021-08-14,2243,5841238,62.81,761,5412750,58.21,44330,864186,9.29
2021-08-15,7169,5848407,62.89,4429,5417179,58.25,97561,961747,10.34
2021-08-16,6985,5855392,62.97,4596,5421775,58.3,89077,1050824,11.3
2021-08-17,7533,5862925,63.05,4982,5426757,58.36,82373,1133197,12.19
2021-08-18,8603,5871528,63.14,4467,5431224,58.4,68392,1201589,12.92
2021-08-19,8341,5879869,63.23,4552,5435776,58.45,59147,1260736,13.56
